 # Derivative distribution function -dV(r)/dr (or -dV(d)/dd) vs d
   0.1250000       -0.000000    
   0.3750000       -0.000000    
   0.6250000       -0.000000    
   0.8750000       -0.000000    
    1.125000       -0.000000    
    1.375000       -0.000000    
    1.625000       -0.000000    
    1.875000       -0.000000    
    2.125000       -0.000000    
    2.375000       -0.000000    
    2.625000       -0.000000    
    2.875000       5.0306320E-04
    3.125000       1.7102599E-02
    3.375000       3.3702135E-02
    3.625000       3.3953786E-02
    3.875000       4.5020103E-02
    4.125000       5.9859157E-02
    4.375000       6.2877297E-02
    4.625000       5.8098555E-02
    4.875000       5.7595611E-02
    5.125000       7.4446678E-02
    5.375000       8.4506989E-02
    5.625000       6.6398382E-02
    5.875000       4.9044251E-02
    6.125000       4.9044251E-02
    6.375000       4.4265628E-02
    6.625000       3.4456730E-02
    6.875000       3.1941652E-02
    7.125000       3.3199191E-02
    7.375000       3.5714269E-02
    7.625000       3.2444715E-02
    7.875000       2.7163029E-02
    8.125000       2.2384286E-02
    8.375000       2.3893356E-02
    8.625000       2.5402427E-02
    8.875000       2.0875216E-02
    9.125000       2.0623684E-02
    9.375000       2.1881342E-02
    9.625000       3.1941652E-02
    9.875000       5.2313805E-02
    10.12500       6.4134836E-02
    10.37500       5.6589603E-02
    10.62500       5.0553322E-02
    10.87500       0.6222334    
    11.12500        1.325956    
    11.37500       0.7298793    
    11.62500       -0.000000    
    11.87500       -0.000000    
    12.12500       -0.000000    
    12.37500       -0.000000    
    12.62500       -0.000000    
    12.87500       -0.000000    
    13.12500       -0.000000    
    13.37500       -0.000000    
    13.62500       -0.000000    
    13.87500       -0.000000    
    14.12500       -0.000000    
    14.37500       -0.000000    
    14.62500       -0.000000    
    14.87500       -0.000000    
    15.12500       -0.000000    
    15.37500       -0.000000    
    15.62500       -0.000000    
    15.87500       -0.000000    
    16.12500       -0.000000    
    16.37500       -0.000000    
    16.62500       -0.000000    
    16.87500       -0.000000    
    17.12500       -0.000000    
    17.37500       -0.000000    
    17.62500       -0.000000    
    17.87500       -0.000000    
    18.12500       -0.000000    
    18.37500       -0.000000    
    18.62500       -0.000000    
    18.87500       -0.000000    
    19.12500       -0.000000    
    19.37500       -0.000000    
