 # Derivative distribution function -dV(r)/dr (or -dV(d)/dd) vs d
   6.2500000E-02   -0.000000    
   0.1875000       -0.000000    
   0.3125000       -0.000000    
   0.4375000       -0.000000    
   0.5625000       -0.000000    
   0.6875000       -0.000000    
   0.8125000       -0.000000    
   0.9375000       -0.000000    
    1.062500       -0.000000    
    1.187500       -0.000000    
    1.312500       -0.000000    
    1.437500       -0.000000    
    1.562500       -0.000000    
    1.687500       -0.000000    
    1.812500       -0.000000    
    1.937500       -0.000000    
    2.062500       -0.000000    
    2.187500       -0.000000    
    2.312500       -0.000000    
    2.437500       -0.000000    
    2.562500       -0.000000    
    2.687500       -0.000000    
    2.812500       -0.000000    
    2.937500       5.1498413E-05
    3.062500       3.1089783E-04
    3.187500       7.2746277E-03
    3.312500       2.2256374E-02
    3.437500       3.1992674E-02
    3.562500       3.5842419E-02
    3.687500       4.2321920E-02
    3.812500       4.6162367E-02
    3.937500       4.6926260E-02
    4.062500       5.2795172E-02
    4.187500       5.9779167E-02
    4.312500       6.3650846E-02
    4.437500       6.7361832E-02
    4.562500       7.2117329E-02
    4.687500       7.6861858E-02
    4.812500       7.9238892E-02
    4.937500       8.0428839E-02
    5.062500       8.5267067E-02
    5.187500       9.0149164E-02
    5.312500       9.3350887E-02
    5.437500       9.6666574E-02
    5.562500       9.7131968E-02
    5.687500       9.7797155E-02
    5.812500       0.1007957    
    5.937500       0.1038551    
    6.062500       0.1045814    
    6.187500       0.1039505    
    6.312500       0.1043036    
    6.437500       0.1059761    
    6.562500       0.1078329    
    6.687500       0.1058683    
    6.812500       0.1043363    
    6.937500       0.1059809    
    7.062500       0.1066055    
    7.187500       0.1055326    
    7.312500       0.1028714    
    7.437500       0.1029196    
    7.562500       0.1035349    
    7.687500       0.1031024    
    7.812500       0.1009519    
    7.937500       9.8529816E-02
    8.062500       9.7803593E-02
    8.187500       9.7359896E-02
    8.312500       9.7297430E-02
    8.437500       9.4796896E-02
    8.562500       9.2226267E-02
    8.687500       9.2360735E-02
    8.812500       9.1322184E-02
    8.937500       8.9891672E-02
    9.062500       8.7469220E-02
    9.187500       8.5470200E-02
    9.312500       8.5671782E-02
    9.437500       8.4462881E-02
    9.562500       8.2159281E-02
    9.687500       7.9946280E-02
    9.812500       7.8715682E-02
    9.937500       7.7525616E-02
    10.06250       7.5214148E-02
    10.18750       7.2976232E-02
    10.31250       7.0925593E-02
    10.43750       7.1202040E-02
    10.56250       7.0093155E-02
    10.68750       6.7652106E-02
    10.81250       6.6573024E-02
    10.93750       6.4100742E-02
    11.06250       6.4172626E-02
    11.18750       6.3613415E-02
    11.31250       6.1758041E-02
    11.43750       6.0282230E-02
    11.56250       5.8106661E-02
    11.68750       5.8183312E-02
    11.81250       5.7772517E-02
    11.93750       5.5685997E-02
    12.06250       5.4698944E-02
    12.18750       5.4011703E-02
    12.31250       5.2784324E-02
    12.43750       5.1569223E-02
    12.56250       5.1161528E-02
    12.68750       4.9296856E-02
    12.81250       4.8433185E-02
    12.93750       4.8612773E-02
    13.06250       4.6504438E-02
    13.18750       4.5820355E-02
    13.31250       4.4531882E-02
    13.43750       4.3908775E-02
    13.56250       4.3852568E-02
    13.68750       4.1555226E-02
    13.81250       4.0302694E-02
    13.93750       3.9595246E-02
    14.06250       4.0215254E-02
    14.18750       3.8972020E-02
    14.31250       3.7132323E-02
    14.43750       3.6317110E-02
    14.56250       3.6170244E-02
    14.68750       3.5821974E-02
    14.81250       3.4202456E-02
    14.93750       3.3779263E-02
    15.06250       3.3118606E-02
    15.18750       3.2598555E-02
    15.31250       3.2562613E-02
    15.43750       3.1088293E-02
    15.56250       2.9763997E-02
    15.68750       2.9496908E-02
    15.81250       2.9548407E-02
    15.93750       2.8867483E-02
    16.06250       2.7243286E-02
    16.18750       2.7196437E-02
    16.31250       2.7149558E-02
    16.43750       2.6265621E-02
    16.56250       2.5500357E-02
    16.68750       2.4460226E-02
    16.81250       2.4522692E-02
    16.93750       2.4563283E-02
    17.06250       2.3604393E-02
    17.18750       2.2470564E-02
    17.31250       2.2027016E-02
    17.43750       2.2136331E-02
    17.56250       2.1580338E-02
    17.68750       2.1046221E-02
    17.81250       2.0252854E-02
    17.93750       2.0134181E-02
    18.06250       1.9756228E-02
    18.18750       1.8787920E-02
    18.31250       1.8816024E-02
    18.43750       1.8132001E-02
    18.56250       1.7944604E-02
    18.68750       1.7657220E-02
    18.81250       1.6598344E-02
    18.93750       1.6523361E-02
    19.06250       1.6082957E-02
    19.18750       1.5900254E-02
    19.31250       1.5320837E-02
    19.43750       1.4791384E-02
    19.56250       1.4686748E-02
    19.68750       1.4077678E-02
    19.81250       1.4130771E-02
    19.93750       1.3465464E-02
    20.06250       1.2953207E-02
    20.18750       1.2896985E-02
    20.31250       1.2381613E-02
    20.43750       1.2181699E-02
    20.56250       1.1844352E-02
    20.68750       1.1169672E-02
    20.81250       1.1057243E-02
    20.93750       1.1097848E-02
    21.06250       1.0529354E-02
    21.18750       1.0048345E-02
    21.31250       1.0073334E-02
    21.43750       9.7078681E-03
    21.56250       9.2580840E-03
    21.68750       9.0238303E-03
    21.81250       8.9332461E-03
    21.93750       8.8020563E-03
    22.06250       8.0383644E-03
    22.18750       7.7431872E-03
    22.31250       7.9977512E-03
    22.43750       7.5620264E-03
    22.56250       7.0685074E-03
    22.68750       7.1715862E-03
    22.81250       6.7561641E-03
    22.93750       6.5593794E-03
    23.06250       6.4563006E-03
    23.18750       6.1845556E-03
    23.31250       6.0002655E-03
    23.43750       5.7222694E-03
    23.56250       5.5973306E-03
    23.68750       5.3130984E-03
    23.81250       5.2756146E-03
    23.93750       4.9570128E-03
    24.06250       4.6103075E-03
    24.18750       4.8476905E-03
    24.31250       4.6977624E-03
    24.43750       4.3010786E-03
    24.56250       4.0199608E-03
    24.68750       4.0511973E-03
    24.81250       3.9856024E-03
    24.93750       3.5920367E-03
    25.06250       3.6295205E-03
    25.18750       3.5326928E-03
    25.31250       3.3733957E-03
    25.43750       3.2234676E-03
    25.56250       3.0829050E-03
    25.68750       3.0829068E-03
    25.81250       2.9517207E-03
    25.93750       2.7955435E-03
    26.06250       2.7143322E-03
    26.18750       2.7299505E-03
    26.31250       2.4457108E-03
    26.43750       2.4457090E-03
    26.56250       2.4925619E-03
    26.68750       2.3332648E-03
    26.81250       2.0802598E-03
    26.93750       2.0989999E-03
    27.06250       2.1364819E-03
    27.18750       1.9115899E-03
    27.31250       1.7928965E-03
    27.43750       1.7647846E-03
    27.56250       1.8116375E-03
    27.68750       1.7085616E-03
    27.81250       1.5086569E-03
    27.93750       1.5461389E-03
    28.06250       1.4992859E-03
    28.18750       1.3399869E-03
    28.31250       1.2369109E-03
    28.43750       1.2743934E-03
    28.56250       1.2743934E-03
    28.68750       1.1150939E-03
    28.81250       1.0338826E-03
    28.93750       1.0057711E-03
    29.06250       1.0151416E-03
    29.18750       7.9961913E-04
    29.31250       7.7775493E-04
    29.43750       8.6208945E-04
    29.56250       7.8712497E-04
    29.68750       6.1845570E-04
    29.81250       6.3719647E-04
    29.93750       6.9341972E-04
    30.06250       5.7472638E-04
    30.18750       4.2792130E-04
    30.31250       4.3416838E-04
    30.43750       4.9663847E-04
    30.56250       4.2167411E-04
    30.68750       3.1859824E-04
    30.81250       3.4670997E-04
    30.93750       3.4670997E-04
    31.06250       2.8111611E-04
    31.18750       2.0927534E-04
    31.31250       1.9053428E-04
    31.43750       2.2489289E-04
    31.56250       1.4992862E-04
    31.68750       1.3431103E-04
    31.81250       1.5305211E-04
    31.93750       1.3118754E-04
    32.06250       7.4964308E-05
    32.18750       5.6223231E-05
    32.31250       6.8717280E-05
    32.43750       4.0605664E-05
    32.56250       3.7482154E-05
    32.68750       2.8111614E-05
    32.81250       2.8111614E-05
    32.93750       9.3705385E-06
    33.06250       -0.000000    
    33.18750       3.1235127E-06
    33.31250       3.1235127E-06
    33.43750       -0.000000    
    33.56250       -0.000000    
    33.68750       -0.000000    
    33.81250       -0.000000    
    33.93750       -0.000000    
    34.06250       -0.000000    
    34.18750       -0.000000    
    34.31250       -0.000000    
    34.43750       -0.000000    
    34.56250       -0.000000    
    34.68750       -0.000000    
    34.81250       -0.000000    
    34.93750       -0.000000    
    35.06250       -0.000000    
    35.18750       -0.000000    
    35.31250       -0.000000    
    35.43750       -0.000000    
    35.56250       -0.000000    
    35.68750       -0.000000    
    35.81250       -0.000000    
    35.93750       -0.000000    
    36.06250       -0.000000    
    36.18750       -0.000000    
    36.31250       -0.000000    
    36.43750       -0.000000    
    36.56250       -0.000000    
    36.68750       -0.000000    
    36.81250       -0.000000    
    36.93750       -0.000000    
    37.06250       -0.000000    
    37.18750       -0.000000    
    37.31250       -0.000000    
    37.43750       -0.000000    
    37.56250       -0.000000    
    37.68750       -0.000000    
    37.81250       -0.000000    
    37.93750       -0.000000    
    38.06250       -0.000000    
    38.18750       -0.000000    
    38.31250       -0.000000    
    38.43750       -0.000000    
    38.56250       -0.000000    
    38.68750       -0.000000    
    38.81250       -0.000000    
    38.93750       -0.000000    
    39.06250       -0.000000    
    39.18750       -0.000000    
    39.31250       -0.000000    
    39.43750       -0.000000    
    39.56250       -0.000000    
    39.68750       -0.000000    
