 # Derivative distribution function -dV(r)/dr (or -dV(d)/dd) vs d
   6.2500000E-02   3.7026405E-04
   0.1875000       3.1971931E-04
   0.3125000       3.1352043E-04
   0.4375000       3.3044815E-04
   0.5625000       3.0899048E-04
   0.6875000       2.9230118E-04
   0.8125000       3.0612946E-04
   0.9375000       1.2986660E-03
    1.062500       2.3236275E-03
    1.187500       2.2778511E-03
    1.312500       3.6425591E-03
    1.437500       5.6390762E-03
    1.562500       6.2890053E-03
    1.687500       7.4760914E-03
    1.812500       8.7046623E-03
    1.937500       9.5293522E-03
    2.062500       1.0193110E-02
    2.187500       1.3423920E-02
    2.312500       1.7791748E-02
    2.437500       2.0808697E-02
    2.562500       2.2659779E-02
    2.687500       2.2567749E-02
    2.812500       2.3165941E-02
    2.937500       2.7267456E-02
    3.062500       3.2613993E-02
    3.187500       3.5334110E-02
    3.312500       3.7853718E-02
    3.437500       3.9984703E-02
    3.562500       4.2420149E-02
    3.687500       4.8084974E-02
    3.812500       5.0733328E-02
    3.937500       5.0100088E-02
    4.062500       5.4259539E-02
    4.187500       5.9387207E-02
    4.312500       6.1864138E-02
    4.437500       6.4322710E-02
    4.562500       6.7929745E-02
    4.687500       7.1861506E-02
    4.812500       7.3391199E-02
    4.937500       7.3496819E-02
    5.062500       7.7064514E-02
    5.187500       8.1249952E-02
    5.312500       8.4116697E-02
    5.437500       8.6950064E-02
    5.562500       8.6817026E-02
    5.687500       8.7344646E-02
    5.812500       9.0763807E-02
    5.937500       9.4118834E-02
    6.062500       9.5093250E-02
    6.187500       9.4430685E-02
    6.312500       9.4995499E-02
    6.437500       9.7377300E-02
    6.562500       9.9550962E-02
    6.687500       9.8088503E-02
    6.812500       9.7257853E-02
    6.937500       9.9099874E-02
    7.062500       0.1001401    
    7.187500       9.9716425E-02
    7.312500       9.7778082E-02
    7.437500       9.8126888E-02
    7.562500       9.8897934E-02
    7.687500       9.8804474E-02
    7.812500       9.7059011E-02
    7.937500       9.4990730E-02
    8.062500       9.4441652E-02
    8.187500       9.4354391E-02
    8.312500       9.4562292E-02
    8.437500       9.2194319E-02
    8.562500       8.9800119E-02
    8.687500       9.0089083E-02
    8.812500       8.9165211E-02
    8.937500       8.7823629E-02
    9.062500       8.5484505E-02
    9.187500       8.3567619E-02
    9.312500       8.3818436E-02
    9.437500       8.2684875E-02
    9.562500       8.0443740E-02
    9.687500       7.8276038E-02
    9.812500       7.7075124E-02
    9.937500       7.5919986E-02
    10.06250       7.3668242E-02
    10.18750       7.1479082E-02
    10.31250       6.9467306E-02
    10.43750       6.9742680E-02
    10.56250       6.8659544E-02
    10.68750       6.6265464E-02
    10.81250       6.5208316E-02
    10.93750       6.2789679E-02
    11.06250       6.2860131E-02
    11.18750       6.2312365E-02
    11.31250       6.0494900E-02
    11.43750       5.9049249E-02
    11.56250       5.6918263E-02
    11.68750       5.6993246E-02
    11.81250       5.6590915E-02
    11.93750       5.4547071E-02
    12.06250       5.3580165E-02
    12.18750       5.2907109E-02
    12.31250       5.1704645E-02
    12.43750       5.0514340E-02
    12.56250       5.0115168E-02
    12.68750       4.8288643E-02
    12.81250       4.7442615E-02
    12.93750       4.7618508E-02
    13.06250       4.5553267E-02
    13.18750       4.4883192E-02
    13.31250       4.3621123E-02
    13.43750       4.3010771E-02
    13.56250       4.2955637E-02
    13.68750       4.0705264E-02
    13.81250       3.9478362E-02
    13.93750       3.8785398E-02
    14.06250       3.9392710E-02
    14.18750       3.8174927E-02
    14.31250       3.6372900E-02
    14.43750       3.5574317E-02
    14.56250       3.5430491E-02
    14.68750       3.5089374E-02
    14.81250       3.3502936E-02
    14.93750       3.3088326E-02
    15.06250       3.2441199E-02
    15.18750       3.1931818E-02
    15.31250       3.1896651E-02
    15.43750       3.0452430E-02
    15.56250       2.9155195E-02
    15.68750       2.8893650E-02
    15.81250       2.8944075E-02
    15.93750       2.8277069E-02
    16.06250       2.6686072E-02
    16.18750       2.6640177E-02
    16.31250       2.6594281E-02
    16.43750       2.5728405E-02
    16.56250       2.4978787E-02
    16.68750       2.3959935E-02
    16.81250       2.4021149E-02
    16.93750       2.4060935E-02
    17.06250       2.3121595E-02
    17.18750       2.2010952E-02
    17.31250       2.1576494E-02
    17.43750       2.1683574E-02
    17.56250       2.1138996E-02
    17.68750       2.0615786E-02
    17.81250       1.9838601E-02
    17.93750       1.9722372E-02
    18.06250       1.9352168E-02
    18.18750       1.8403649E-02
    18.31250       1.8431187E-02
    18.43750       1.7761141E-02
    18.56250       1.7577559E-02
    18.68750       1.7296076E-02
    18.81250       1.6258866E-02
    18.93750       1.6185433E-02
    19.06250       1.5754029E-02
    19.18750       1.5575036E-02
    19.31250       1.5007481E-02
    19.43750       1.4488861E-02
    19.56250       1.4386371E-02
    19.68750       1.3789743E-02
    19.81250       1.3841748E-02
    19.93750       1.3190061E-02
    20.06250       1.2688279E-02
    20.18750       1.2633204E-02
    20.31250       1.2128368E-02
    20.43750       1.1932552E-02
    20.56250       1.1602104E-02
    20.68750       1.0941222E-02
    20.81250       1.0831088E-02
    20.93750       1.0870859E-02
    21.06250       1.0314003E-02
    21.18750       9.8428279E-03
    21.31250       9.8672956E-03
    21.43750       9.5093250E-03
    21.56250       9.0687424E-03
    21.68750       8.8392645E-03
    21.81250       8.7505355E-03
    21.93750       8.6220279E-03
    22.06250       7.8739524E-03
    22.18750       7.5848177E-03
    22.31250       7.8341812E-03
    22.43750       7.4073598E-03
    22.56250       6.9239363E-03
    22.68750       7.0249066E-03
    22.81250       6.6179782E-03
    22.93750       6.4252168E-03
    23.06250       6.3242465E-03
    23.18750       6.0580671E-03
    23.31250       5.8775470E-03
    23.43750       5.6052357E-03
    23.56250       5.4828525E-03
    23.68750       5.2044280E-03
    23.81250       5.1677115E-03
    23.93750       4.8556291E-03
    24.06250       4.5160092E-03
    24.18750       4.7485419E-03
    24.31250       4.6016835E-03
    24.43750       4.2131096E-03
    24.56250       3.9377399E-03
    24.68750       3.9683357E-03
    24.81250       3.9040856E-03
    24.93750       3.5185739E-03
    25.06250       3.5552867E-03
    25.18750       3.4604371E-03
    25.31250       3.3043995E-03
    25.43750       3.1575374E-03
    25.56250       3.0198526E-03
    25.68750       3.0198526E-03
    25.81250       2.8913468E-03
    25.93750       2.7383659E-03
    26.06250       2.6588179E-03
    26.18750       2.6741158E-03
    26.31250       2.3956876E-03
    26.43750       2.3956876E-03
    26.56250       2.4415832E-03
    26.68750       2.2855438E-03
    26.81250       2.0377133E-03
    26.93750       2.0560697E-03
    27.06250       2.0927843E-03
    27.18750       1.8724920E-03
    27.31250       1.7562276E-03
    27.43750       1.7286893E-03
    27.56250       1.7745839E-03
    27.68750       1.6736165E-03
    27.81250       1.4778003E-03
    27.93750       1.5145158E-03
    28.06250       1.4686212E-03
    28.18750       1.3125809E-03
    28.31250       1.2116125E-03
    28.43750       1.2483280E-03
    28.56250       1.2483285E-03
    28.68750       1.0922872E-03
    28.81250       1.0127369E-03
    28.93750       9.8520005E-04
    29.06250       9.9437870E-04
    29.18750       7.8326464E-04
    29.31250       7.6184748E-04
    29.43750       8.4445742E-04
    29.56250       7.7102636E-04
    29.68750       6.0580624E-04
    29.81250       6.2416401E-04
    29.93750       6.7923730E-04
    30.06250       5.6297169E-04
    30.18750       4.1916920E-04
    30.31250       4.2528822E-04
    30.43750       4.8648077E-04
    30.56250       4.1304971E-04
    30.68750       3.1208212E-04
    30.81250       3.3961877E-04
    30.93750       3.3961865E-04
    31.06250       2.7536647E-04
    31.18750       2.0499504E-04
    31.31250       1.8663733E-04
    31.43750       2.2029324E-04
    31.56250       1.4686212E-04
    31.68750       1.3156401E-04
    31.81250       1.4992178E-04
    31.93750       1.2850437E-04
    32.06250       7.3431074E-05
    32.18750       5.5073295E-05
    32.31250       6.7311812E-05
    32.43750       3.9775165E-05
    32.56250       3.6715533E-05
    32.68750       2.7536653E-05
    32.81250       2.7536651E-05
    32.93750       9.1788843E-06
    33.06250       -0.000000    
    33.18750       3.0596279E-06
    33.31250       3.0596279E-06
    33.43750       -0.000000    
    33.56250       -0.000000    
    33.68750       -0.000000    
    33.81250       -0.000000    
    33.93750       -0.000000    
    34.06250       -0.000000    
    34.18750       -0.000000    
    34.31250       -0.000000    
    34.43750       -0.000000    
    34.56250       -0.000000    
    34.68750       -0.000000    
    34.81250       -0.000000    
    34.93750       -0.000000    
    35.06250       -0.000000    
    35.18750       -0.000000    
    35.31250       -0.000000    
    35.43750       -0.000000    
    35.56250       -0.000000    
    35.68750       -0.000000    
    35.81250       -0.000000    
    35.93750       -0.000000    
    36.06250       -0.000000    
    36.18750       -0.000000    
    36.31250       -0.000000    
    36.43750       -0.000000    
    36.56250       -0.000000    
    36.68750       -0.000000    
    36.81250       -0.000000    
    36.93750       -0.000000    
    37.06250       -0.000000    
    37.18750       -0.000000    
    37.31250       -0.000000    
    37.43750       -0.000000    
    37.56250       -0.000000    
    37.68750       -0.000000    
    37.81250       -0.000000    
    37.93750       -0.000000    
    38.06250       -0.000000    
    38.18750       -0.000000    
    38.31250       -0.000000    
    38.43750       -0.000000    
    38.56250       -0.000000    
    38.68750       -0.000000    
    38.81250       -0.000000    
    38.93750       -0.000000    
    39.06250       -0.000000    
    39.18750       -0.000000    
    39.31250       -0.000000    
    39.43750       -0.000000    
    39.56250       -0.000000    
    39.68750       -0.000000    
